10049
10065
10080
10154
10159
10175
10186
10207
10464
10465
10469
10481
10482
10497
10499
10501
10522
10527
10554
10557
10586
10786
10811
10813
10819
10827
10830
10946
10997
11040
11050
11080
11088
11116
11122
11130
11133
11145
11160
11227
11263
11269
11287
11307
11311
11325
11379
11396
11417
11605
11619
11707
11734
11737
11764
12600
12602
12670
12674
12702
12822
12828
12842
13052
13065
13070
13171
13184
13211
13223
13315
13344
13345
13346
14170
14472
14931
16584
16687
17897
18354
189305
189543
192691
192693
194887
195456
196917
196918
197226
199313
199390
199674
199840
20129
201591
201592
202251
202700
203350
20517
206419
20768
207906
20888
21126
236108
245838
245840
245845
245846
245847
245848
245849
247005
247006
247007
247008
247009
247010
247011
247012
247013
247014
247015
247016
247017
247106
247107
248130
250930
250931
250932
250933
250934
250935
250936
250937
250938
250939
250940
250941
250942
250944
250945
250946
252979
253324
253326
253329
253330
253331
253333
253334
253335
253337
253338
254440
255176
255275
256186
321291
351287
35155
36140
37799
37801
37802
37813
37816
37971
38006
38021
38023
38024
38347
394633
394741
39548
39614
40055
40323
40351
40354
40439
406679
41191
41193
416900
422861
422862
422863
422864
422866
422867
422868
422869
422870
422871
422872
422873
422874
422875
422876
422877
422878
422879
422880
422882
422883
422884
422885
422886
42716
435580
435581
435600
435602
435604
435621
435622
435623
435635
435640
435641
435646
435650
435658
435664
435666
435680
435683
435702
435707
435711
435713
435714
435718
435728
435729
435737
435738
435739
435743
435744
435746
435747
435754
435756
435759
435762
435770
435802
435807
435809
435810
435817
435823
435824
435826
435829
435830
435831
435837
435839
435844
435848
435851
435852
435853
435864
435866
435867
435868
435869
435872
435874
435875
435876
435877
435880
435882
435884
435885
435886
435887
435888
435896
435898
435899
435901
435902
435904
435907
435908
435909
435912
435914
435922
435940
435944
435961
435962
435963
435965
435967
435969
435975
435976
435978
435981
435984
435985
435987
435989
435990
435992
436000
436001
436002
436003
436004
436005
436006
436007
436008
436012
436014
436015
436016
436017
436023
436024
436030
436034
436035
436037
436038
436039
436042
436051
436052
436053
436063
436064
436084
436085
436089
436091
436093
436095
436098
436100
436101
436102
436105
436106
436107
436114
436116
436121
436122
436123
436139
436141
436144
436152
436162
436174
436175
436176
436178
436182
436183
436208
436213
436215
436216
436236
436243
436244
436252
436253
436256
436257
436258
436260
436262
436266
436282
436293
436295
436296
436299
436301
436305
436309
436310
436311
436319
436321
436322
436323
436324
436325
436326
436331
436333
436346
436418
436432
436435
436440
436448
436449
436453
436454
436455
436482
436483
436489
436492
436499
436504
436506
436508
436516
436524
436525
436527
436528
436529
436531
436532
436533
436534
436535
436536
436537
436541
436542
436543
436544
436545
436546
436548
436558
436570
436572
436573
436574
436575
436576
436579
436580
436581
436583
436584
436594
436595
436596
436597
436603
436616
436621
436622
436623
436634
436637
436638
436642
436653
436656
436658
436660
436675
436678
436687
436692
436703
436704
436708
436709
436745
436769
436782
436792
436793
436794
436795
436798
436801
436803
436808
436816
436817
436818
436819
436820
436825
436829
436833
436835
436836
436838
436839
436840
436850
436851
436858
436869
436871
436875
436880
436892
436895
436896
436903
436904
436905
436906
436910
436912
436917
436918
436932
436934
436935
436944
436945
436947
436948
436950
436952
436960
436964
436965
436966
436967
436982
436984
436986
436994
437006
437007
437010
437014
437030
437033
437035
437046
437053
437054
437055
437056
437057
437067
437073
437078
437082
437094
437095
437097
437098
437099
437101
437102
437148
437153
437156
437163
437164
437172
437173
437174
437175
437180
437181
437190
437202
437209
437217
437234
437235
437244
437245
437250
437257
437261
437276
437283
437285
437299
437300
437303
437304
437308
437309
437310
437311
437312
437317
437322
437323
437326
437328
437329
437330
437336
437339
437340
437344
437349
437371
437372
437382
437384
437385
437390
437391
437392
437394
437395
437396
437397
437398
437422
437423
437425
437429
437430
437432
437433
437437
437447
437449
437450
437455
437456
437457
437463
437464
437466
437468
437470
437473
437476
437480
437487
437488
437490
437497
437500
437506
437507
437509
437510
437512
437513
437518
437519
437520
437525
437526
437528
437530
437532
437533
437534
437535
437536
437545
437549
437559
437588
437593
437607
437609
437610
437611
437630
437633
437645
437654
437656
437658
437659
437674
437675
437680
437682
437683
437685
437698
437729
437743
437747
437749
437755
437759
437769
437777
437778
437784
437788
437790
437791
437792
437794
437795
437797
437798
437800
437803
437812
437819
437821
437822
437823
437824
437826
437827
437835
437836
437837
437839
437841
437845
437849
437851
437852
437853
437854
437862
437864
437868
437869
437870
437871
437873
437874
437877
437878
437879
437880
437881
437885
437890
437891
437894
437898
437899
437900
437903
437912
437925
437926
437935
437941
437955
437956
437969
437970
437971
437973
437974
437980
437984
437986
437989
437990
437995
437996
437999
438002
438009
438011
438012
438013
438014
438016
438022
438023
438025
438026
438028
438099
438101
438106
438107
438112
438113
438118
438134
438136
438139
438144
438158
438169
438338
438387
438407
438417
438427
438434
438445
438467
438490
438543
438546
438590
438603
438605
438616
438618
438629
438640
438642
438643
438659
438661
438665
438688
438722
438724
438726
438727
438738
438754
438776
438779
438813
438814
438815
438816
438817
438818
438819
438820
438821
438822
438848
438850
438887
438949
438951
438954
439117
439120
439122
439327
439346
439553
439844
439933
440393
440464
440723
440726
440847
441024
441227
441229
441234
441769
441933
441965
441969
441971
442183
442488
442491
442761
44510
44612
446180
446266
446568
44723
447797
447798
447817
44843
448460
448461
448463
448687
449027
44908
449458
449863
451023
451257
451258
451259
451260
451261
451262
451263
451264
451265
451266
451267
451268
451269
451270
451275
451276
451277
451278
451279
451280
451281
451282
451283
451284
451287
451294
451295
451296
451297
451320
451725
452104
452514
452668
452671
452948
453183
453250
453336
453351
453367
45368
454619
454620
454623
454624
45633
456922
456949
456956
458953
458956
458961
458967
458971
458977
458978
458982
458994
458998
459007
459008
459016
459024
459027
459028
459030
459031
459039
459045
459046
459052
459054
459055
459061
459062
459065
459072
459080
459082
459083
459084
459086
459087
459088
459090
459092
459093
459096
459098
4591
459105
459106
459108
459110
459112
459115
459116
459121
459123
459126
459127
459131
459136
459258
4593
463681
466105
466664
470308
470328
470600
471903
471904
471906
472310
472389
473058
473161
48942
49129
503676
50486
505722
51776
51797
51867
51868
52988
53238
53245
53441
53660
53750
543869
543903
543937
544039
544056
544060
544206
544207
544256
544319
544320
544326
544442
544453
544501
544502
544503
544507
544515
544531
544702
544720
544741
544776
544853
544876
544895
547676
547707
547746
547758
547951
548343
548349
548518
548565
549067
549068
549071
5509
551898
554751
555733
556954
557549
560727
566837
57329
57339
577372
590949
591855
60765
626692
631985
634108
635401
641257
643540
65576
656430
657683
659875
663886
665702
665918
667297
670172
670765
677910
678013
679686
679844
682118
687513
691053
694642
696866
698529
701989
702752
708024
714877
719486
747607
74813
752047
75274
75745
761570
764087
764091
764095
768547
76969
76971
770740
770850
770924
77180
77195
775805
780292
78057
78188
78189
78190
78193
78195
782308
78594
78732
788905
813585
813594
816209
816514
816522
816523
816618
816629
827660
829390
829403
832687
839045
843822
845141
852357
853210
853218
853894
872016
888924
895426
897121
902222
902226
910384
910555
9317
9817
